* Measurement data measured by REW V5.20.4
* Source: C:\Users\topge\AutoEq\compensation\harman_in-ear_2019v2.csv
* Format: Comma/Tab/Space delimited data
* Dated: 18 Dec, 2021 1:17:41 AM
* REW Settings:
*  C-weighting compensation: Off
*  Target level: 75.0 dB
* Note: Measurement imported from C:\Users\topge\AutoEq\compensation\harman_in-ear_2019v2.csv Format: Comma/Tab/Space delimited data 695 values loaded, 20 Hz to 19,896 Hz log spaced
* Measurement: harman_in-ear_2019v2
* Smoothing: 1/48 octave
* Frequency Step: 1/48 octave
* Start Frequency: 20.000 Hz
*
* Freq(Hz)	SPL(dB)
20.000000	7.610
20.299999	7.625
20.600000	7.639
20.900000	7.644
21.200001	7.659
21.400000	7.668
21.799999	7.677
22.000000	7.680
22.400000	7.690
22.700001	7.697
23.000000	7.700
23.299999	7.703
23.600000	7.710
24.000000	7.710
24.299999	7.716
24.700001	7.720
25.000000	7.720
25.400000	7.720
25.799999	7.720
26.200001	7.720
26.500000	7.720
26.900000	7.720
27.200001	7.720
27.600000	7.720
28.000000	7.720
28.500000	7.720
29.000000	7.720
29.500000	7.720
30.000000	7.720
30.400000	7.710
30.700001	7.710
31.100000	7.707
31.500000	7.700
32.000000	7.690
32.500000	7.683
33.000000	7.677
33.500000	7.669
34.000000	7.657
34.500000	7.642
35.000000	7.631
35.500000	7.618
36.000000	7.599
36.500000	7.581
37.000000	7.561
37.500000	7.536
38.200001	7.509
38.700001	7.483
39.500000	7.442
40.000000	7.417
40.599998	7.386
41.200001	7.347
41.799999	7.308
42.500000	7.268
43.099998	7.225
43.700001	7.184
44.400002	7.135
45.000000	7.096
45.500000	7.056
46.200001	6.994
46.799999	6.947
47.500000	6.893
48.200001	6.824
48.700001	6.778
49.400002	6.714
50.000000	6.657
50.799999	6.593
51.500000	6.537
52.200001	6.473
53.000000	6.413
53.799999	6.338
54.500000	6.273
55.200001	6.208
56.000000	6.140
57.000000	6.068
58.000000	5.990
59.000000	5.921
60.000000	5.847
60.799999	5.766
61.500000	5.697
62.200001	5.618
63.000000	5.540
64.000000	5.455
65.000000	5.377
66.000000	5.301
67.000000	5.221
68.000000	5.131
69.000000	5.047
70.000000	4.966
71.000000	4.881
72.000000	4.796
73.000000	4.703
74.000000	4.621
75.000000	4.539
76.199997	4.454
77.500000	4.361
78.800003	4.269
80.000000	4.191
81.199997	4.101
82.500000	4.016
83.800003	3.921
85.000000	3.835
86.199997	3.758
87.500000	3.671
88.500000	3.602
90.000000	3.501
91.199997	3.416
92.500000	3.325
93.800003	3.242
95.000000	3.159
96.199997	3.070
97.500000	2.986
98.800003	2.893
100.000000	2.806
101.500000	2.726
103.000000	2.637
104.400002	2.555
106.000000	2.471
107.500000	2.379
109.000000	2.295
110.599998	2.208
112.000000	2.130
113.800003	2.026
115.000000	1.955
117.199997	1.828
118.000000	1.783
120.599998	1.652
122.000000	1.587
124.099998	1.483
125.000000	1.440
126.500000	1.368
128.000000	1.291
131.500000	1.124
132.000000	1.101
134.000000	1.010
136.000000	0.928
138.000000	0.843
140.000000	0.761
143.000000	0.655
145.000000	0.595
147.500000	0.510
150.000000	0.425
152.500000	0.352
155.000000	0.270
157.500000	0.190
160.000000	0.111
162.500000	0.033
165.000000	-0.044
167.500000	-0.119
170.000000	-0.194
172.500000	-0.267
175.000000	-0.339
177.500000	-0.411
180.000000	-0.481
182.500000	-0.548
185.000000	-0.608
187.500000	-0.676
190.000000	-0.740
192.500000	-0.798
195.000000	-0.855
197.500000	-0.916
200.000000	-0.966
203.000000	-1.027
206.000000	-1.074
209.000000	-1.134
212.000000	-1.178
214.000000	-1.206
218.000000	-1.263
220.000000	-1.299
224.000000	-1.354
227.000000	-1.382
230.000000	-1.413
233.000000	-1.445
236.000000	-1.481
240.000000	-1.507
243.000000	-1.529
247.000000	-1.563
250.000000	-1.579
254.000000	-1.598
258.000000	-1.620
262.000000	-1.635
265.000000	-1.647
269.000000	-1.662
272.000000	-1.673
276.000000	-1.688
280.000000	-1.700
285.000000	-1.700
290.000000	-1.707
295.000000	-1.710
300.000000	-1.710
304.000000	-1.710
307.000000	-1.710
311.000000	-1.710
315.000000	-1.710
320.000000	-1.710
325.000000	-1.708
330.000000	-1.699
335.000000	-1.700
340.000000	-1.693
345.000000	-1.688
350.000000	-1.680
355.000000	-1.671
360.000000	-1.666
365.000000	-1.651
370.000000	-1.648
375.000000	-1.640
382.000000	-1.630
387.000000	-1.623
395.000000	-1.610
400.000000	-1.599
406.000000	-1.590
412.000000	-1.580
418.000000	-1.570
425.000000	-1.558
431.000000	-1.544
437.000000	-1.540
444.000000	-1.524
450.000000	-1.511
455.000000	-1.500
462.000000	-1.485
468.000000	-1.472
475.000000	-1.457
482.000000	-1.442
487.000000	-1.432
494.000000	-1.417
500.000000	-1.406
508.000000	-1.379
515.000000	-1.365
522.000000	-1.352
530.000000	-1.337
538.000000	-1.322
545.000000	-1.299
552.000000	-1.281
560.000000	-1.261
570.000000	-1.243
580.000000	-1.226
590.000000	-1.209
600.000000	-1.192
608.000000	-1.167
615.000000	-1.144
622.000000	-1.121
630.000000	-1.103
640.000000	-1.074
650.000000	-1.051
660.000000	-1.026
670.000000	-1.002
680.000000	-0.972
690.000000	-0.943
700.000000	-0.914
710.000000	-0.885
720.000000	-0.857
730.000000	-0.829
740.000000	-0.802
750.000000	-0.775
762.000000	-0.743
775.000000	-0.709
788.000000	-0.673
800.000000	-0.635
812.000000	-0.606
825.000000	-0.574
838.000000	-0.531
850.000000	-0.504
862.000000	-0.463
875.000000	-0.425
885.000000	-0.393
900.000000	-0.354
912.000000	-0.313
925.000000	-0.260
938.000000	-0.218
950.000000	-0.180
962.000000	-0.140
975.000000	-0.091
988.000000	-0.043
1000.000000	-0.004
1015.000000	0.056
1030.000000	0.114
1044.000000	0.159
1060.000000	0.221
1075.000000	0.287
1090.000000	0.350
1106.000000	0.420
1120.000000	0.482
1138.000000	0.569
1150.000000	0.632
1172.000000	0.736
1180.000000	0.777
1206.000000	0.918
1220.000000	0.988
1241.000000	1.091
1250.000000	1.139
1265.000000	1.232
1280.000000	1.317
1315.000000	1.524
1320.000000	1.553
1340.000000	1.665
1360.000000	1.784
1380.000000	1.902
1400.000000	2.018
1430.000000	2.178
1450.000000	2.290
1475.000000	2.417
1500.000000	2.552
1525.000000	2.701
1550.000000	2.848
1575.000000	2.993
1600.000000	3.128
1625.000000	3.285
1650.000000	3.449
1675.000000	3.599
1700.000000	3.752
1725.000000	3.923
1750.000000	4.086
1775.000000	4.258
1800.000000	4.418
1825.000000	4.594
1850.000000	4.767
1875.000000	4.943
1900.000000	5.116
1925.000000	5.287
1950.000000	5.465
1975.000000	5.637
2000.000000	5.807
2030.000000	5.988
2060.000000	6.156
2090.000000	6.328
2120.000000	6.500
2140.000000	6.614
2180.000000	6.837
2200.000000	6.947
2240.000000	7.162
2270.000000	7.315
2300.000000	7.465
2330.000000	7.620
2360.000000	7.767
2400.000000	7.923
2430.000000	8.045
2470.000000	8.192
2500.000000	8.310
2540.000000	8.428
2580.000000	8.552
2620.000000	8.676
2650.000000	8.756
2690.000000	8.846
2720.000000	8.913
2760.000000	9.001
2800.000000	9.083
2850.000000	9.142
2900.000000	9.205
2950.000000	9.256
3000.000000	9.308
3040.000000	9.338
3070.000000	9.358
3110.000000	9.394
3150.000000	9.416
3200.000000	9.420
3250.000000	9.414
3300.000000	9.410
3350.000000	9.404
3400.000000	9.387
3450.000000	9.357
3500.000000	9.339
3550.000000	9.306
3600.000000	9.264
3650.000000	9.219
3700.000000	9.170
3750.000000	9.130
3820.000000	9.064
3870.000000	9.014
3950.000000	8.933
4000.000000	8.892
4060.000000	8.821
4120.000000	8.752
4180.000000	8.685
4250.000000	8.612
4310.000000	8.541
4370.000000	8.472
4440.000000	8.392
4500.000000	8.322
4550.000000	8.259
4620.000000	8.173
4680.000000	8.105
4750.000000	8.015
4820.000000	7.937
4870.000000	7.875
4940.000000	7.789
5000.000000	7.716
5080.000000	7.646
5150.000000	7.576
5220.000000	7.509
5300.000000	7.433
5380.000000	7.344
5450.000000	7.272
5520.000000	7.200
5600.000000	7.122
5700.000000	7.036
5800.000000	6.949
5900.000000	6.863
6000.000000	6.776
6080.000000	6.670
6150.000000	6.573
6220.000000	6.483
6300.000000	6.380
6400.000000	6.254
6500.000000	6.118
6600.000000	5.996
6700.000000	5.871
6800.000000	5.712
6900.000000	5.553
7000.000000	5.402
7100.000000	5.243
7200.000000	5.054
7300.000000	4.860
7400.000000	4.668
7500.000000	4.479
7620.000000	4.258
7750.000000	4.028
7880.000000	3.800
8000.000000	3.589
8120.000000	3.343
8250.000000	3.082
8380.000000	2.815
8500.000000	2.579
8620.000000	2.315
8750.000000	2.033
8850.000000	1.816
9000.000000	1.495
9120.000000	1.227
9250.000000	0.928
9380.000000	0.633
9500.000000	0.366
9620.000000	0.088
9750.000000	-0.214
9880.000000	-0.506
10000.000000	-0.775
10150.000000	-1.082
10300.000000	-1.376
10440.000000	-1.647
10600.000000	-1.952
10750.000000	-2.244
10900.000000	-2.536
11060.000000	-2.844
11200.000000	-3.110
11380.000000	-3.461
11500.000000	-3.693
11720.000000	-4.115
11800.000000	-4.257
12060.000000	-4.683
12200.000000	-4.903
12410.000000	-5.229
12500.000000	-5.368
12650.000000	-5.605
12800.000000	-5.834
13150.000000	-6.365
13200.000000	-6.439
13400.000000	-6.715
13600.000000	-6.987
13800.000000	-7.258
14000.000000	-7.518
14300.000000	-7.886
14500.000000	-8.123
14750.000000	-8.415
15000.000000	-8.712
15250.000000	-9.073
15500.000000	-9.443
15750.000000	-9.806
16000.000000	-10.165
16250.000000	-10.650
16500.000000	-11.125
16750.000000	-11.603
17000.000000	-12.082
17250.000000	-12.692
17500.000000	-13.314
17750.000000	-13.915
18000.000000	-14.541
18250.000000	-15.270
18500.000000	-16.018
18750.000000	-16.754
19000.000000	-17.484
19250.000000	-18.313
19500.000000	-19.136
19750.000000	-19.942
