* Measurement data measured by REW V5.20.4
* Source: C:\Users\topge\AutoEq\compensation\harman_in-ear_2017-1.csv
* Format: Comma/Tab/Space delimited data
* Dated: 18 Dec, 2021 1:17:41 AM
* REW Settings:
*  C-weighting compensation: Off
*  Target level: 75.0 dB
* Note: Measurement imported from C:\Users\topge\AutoEq\compensation\harman_in-ear_2017-1.csv Format: Comma/Tab/Space delimited data 695 values loaded, 20 Hz to 19,896 Hz log spaced
* Measurement: harman_in-ear_2017-1
* Smoothing: 1/48 octave
* Frequency Step: 1/48 octave
* Start Frequency: 20.000 Hz
*
* Freq(Hz)	SPL(dB)
20.000000	7.890
20.299999	7.890
20.600000	7.890
20.900000	7.889
21.200001	7.899
21.400000	7.900
21.799999	7.917
22.000000	7.926
22.400000	7.948
22.700001	7.967
23.000000	7.989
23.299999	7.990
23.600000	7.990
24.000000	7.990
24.299999	7.990
24.700001	7.990
25.000000	7.990
25.400000	7.990
25.799999	7.990
26.200001	7.990
26.500000	7.990
26.900000	7.990
27.200001	7.990
27.600000	7.990
28.000000	7.990
28.500000	7.975
29.000000	7.946
29.500000	7.929
30.000000	7.913
30.400000	7.900
30.700001	7.899
31.100000	7.889
31.500000	7.890
32.000000	7.890
32.500000	7.883
33.000000	7.867
33.500000	7.851
34.000000	7.827
34.500000	7.805
35.000000	7.777
35.500000	7.764
36.000000	7.740
36.500000	7.721
37.000000	7.701
37.500000	7.688
38.200001	7.661
38.700001	7.643
39.500000	7.613
40.000000	7.588
40.599998	7.535
41.200001	7.479
41.799999	7.416
42.500000	7.349
43.099998	7.295
43.700001	7.254
44.400002	7.205
45.000000	7.165
45.500000	7.132
46.200001	7.085
46.799999	7.028
47.500000	6.962
48.200001	6.905
48.700001	6.858
49.400002	6.794
50.000000	6.747
50.799999	6.676
51.500000	6.618
52.200001	6.564
53.000000	6.503
53.799999	6.431
54.500000	6.380
55.200001	6.328
56.000000	6.261
57.000000	6.178
58.000000	6.080
59.000000	5.984
60.000000	5.886
60.799999	5.805
61.500000	5.745
62.200001	5.679
63.000000	5.611
64.000000	5.516
65.000000	5.433
66.000000	5.351
67.000000	5.291
68.000000	5.222
69.000000	5.162
70.000000	5.095
71.000000	5.008
72.000000	4.909
73.000000	4.812
74.000000	4.711
75.000000	4.611
76.199997	4.518
77.500000	4.422
78.800003	4.321
80.000000	4.241
81.199997	4.159
82.500000	4.065
83.800003	3.970
85.000000	3.889
86.199997	3.811
87.500000	3.720
88.500000	3.657
90.000000	3.560
91.199997	3.485
92.500000	3.414
93.800003	3.320
95.000000	3.251
96.199997	3.179
97.500000	3.100
98.800003	3.029
100.000000	2.954
101.500000	2.876
103.000000	2.787
104.400002	2.706
106.000000	2.625
107.500000	2.539
109.000000	2.436
110.599998	2.338
112.000000	2.241
113.800003	2.128
115.000000	2.062
117.199997	1.948
118.000000	1.907
120.599998	1.782
122.000000	1.717
124.099998	1.624
125.000000	1.580
126.500000	1.507
128.000000	1.442
131.500000	1.283
132.000000	1.260
134.000000	1.180
136.000000	1.098
138.000000	1.013
140.000000	0.932
143.000000	0.808
145.000000	0.734
147.500000	0.631
150.000000	0.541
152.500000	0.441
155.000000	0.342
157.500000	0.250
160.000000	0.171
162.500000	0.072
165.000000	-0.013
167.500000	-0.094
170.000000	-0.185
172.500000	-0.273
175.000000	-0.349
177.500000	-0.424
180.000000	-0.509
182.500000	-0.583
185.000000	-0.670
187.500000	-0.736
190.000000	-0.793
192.500000	-0.853
195.000000	-0.904
197.500000	-0.956
200.000000	-1.010
203.000000	-1.076
206.000000	-1.139
209.000000	-1.203
212.000000	-1.261
214.000000	-1.299
218.000000	-1.362
220.000000	-1.390
224.000000	-1.436
227.000000	-1.482
230.000000	-1.513
233.000000	-1.553
236.000000	-1.590
240.000000	-1.631
243.000000	-1.670
247.000000	-1.708
250.000000	-1.710
254.000000	-1.710
258.000000	-1.710
262.000000	-1.710
265.000000	-1.710
269.000000	-1.710
272.000000	-1.710
276.000000	-1.710
280.000000	-1.710
285.000000	-1.710
290.000000	-1.710
295.000000	-1.710
300.000000	-1.710
304.000000	-1.701
307.000000	-1.681
311.000000	-1.647
315.000000	-1.609
320.000000	-1.571
325.000000	-1.524
330.000000	-1.492
335.000000	-1.475
340.000000	-1.452
345.000000	-1.428
350.000000	-1.413
355.000000	-1.410
360.000000	-1.410
365.000000	-1.410
370.000000	-1.410
375.000000	-1.410
382.000000	-1.410
387.000000	-1.410
395.000000	-1.410
400.000000	-1.410
406.000000	-1.410
412.000000	-1.410
418.000000	-1.410
425.000000	-1.410
431.000000	-1.405
437.000000	-1.391
444.000000	-1.369
450.000000	-1.350
455.000000	-1.330
462.000000	-1.314
468.000000	-1.310
475.000000	-1.310
482.000000	-1.310
487.000000	-1.310
494.000000	-1.308
500.000000	-1.295
508.000000	-1.279
515.000000	-1.261
522.000000	-1.233
530.000000	-1.217
538.000000	-1.193
545.000000	-1.176
552.000000	-1.156
560.000000	-1.133
570.000000	-1.114
580.000000	-1.085
590.000000	-1.067
600.000000	-1.033
608.000000	-1.018
615.000000	-1.009
622.000000	-1.010
630.000000	-1.010
640.000000	-1.010
650.000000	-1.010
660.000000	-0.993
670.000000	-0.953
680.000000	-0.908
690.000000	-0.864
700.000000	-0.824
710.000000	-0.781
720.000000	-0.746
730.000000	-0.704
740.000000	-0.663
750.000000	-0.633
762.000000	-0.585
775.000000	-0.534
788.000000	-0.484
800.000000	-0.438
812.000000	-0.405
825.000000	-0.381
838.000000	-0.362
850.000000	-0.341
862.000000	-0.318
875.000000	-0.289
885.000000	-0.254
900.000000	-0.203
912.000000	-0.163
925.000000	-0.131
938.000000	-0.095
950.000000	-0.079
962.000000	-0.057
975.000000	-0.038
988.000000	-0.021
1000.000000	-0.006
1015.000000	0.039
1030.000000	0.084
1044.000000	0.119
1060.000000	0.160
1075.000000	0.203
1090.000000	0.244
1106.000000	0.289
1120.000000	0.321
1138.000000	0.366
1150.000000	0.423
1172.000000	0.557
1180.000000	0.605
1206.000000	0.758
1220.000000	0.840
1241.000000	0.951
1250.000000	0.995
1265.000000	1.067
1280.000000	1.128
1315.000000	1.297
1320.000000	1.323
1340.000000	1.440
1360.000000	1.565
1380.000000	1.698
1400.000000	1.818
1430.000000	2.020
1450.000000	2.159
1475.000000	2.331
1500.000000	2.500
1525.000000	2.666
1550.000000	2.830
1575.000000	2.991
1600.000000	3.149
1625.000000	3.305
1650.000000	3.458
1675.000000	3.609
1700.000000	3.758
1725.000000	3.904
1750.000000	4.059
1775.000000	4.247
1800.000000	4.429
1825.000000	4.604
1850.000000	4.777
1875.000000	4.953
1900.000000	5.126
1925.000000	5.296
1950.000000	5.454
1975.000000	5.621
2000.000000	5.792
2030.000000	6.042
2060.000000	6.293
2090.000000	6.543
2120.000000	6.795
2140.000000	6.949
2180.000000	7.246
2200.000000	7.393
2240.000000	7.669
2270.000000	7.882
2300.000000	8.082
2330.000000	8.251
2360.000000	8.418
2400.000000	8.638
2430.000000	8.797
2470.000000	8.993
2500.000000	9.124
2540.000000	9.283
2580.000000	9.440
2620.000000	9.595
2650.000000	9.696
2690.000000	9.786
2720.000000	9.853
2760.000000	9.931
2800.000000	10.018
2850.000000	10.106
2900.000000	10.187
2950.000000	10.255
3000.000000	10.334
3040.000000	10.378
3070.000000	10.373
3110.000000	10.348
3150.000000	10.330
3200.000000	10.310
3250.000000	10.290
3300.000000	10.234
3350.000000	10.168
3400.000000	10.104
3450.000000	10.046
3500.000000	9.977
3550.000000	9.891
3600.000000	9.815
3650.000000	9.733
3700.000000	9.658
3750.000000	9.581
3820.000000	9.451
3870.000000	9.360
3950.000000	9.207
4000.000000	9.128
4060.000000	9.012
4120.000000	8.909
4180.000000	8.808
4250.000000	8.685
4310.000000	8.592
4370.000000	8.492
4440.000000	8.364
4500.000000	8.279
4550.000000	8.201
4620.000000	8.093
4680.000000	8.007
4750.000000	7.926
4820.000000	7.840
4870.000000	7.785
4940.000000	7.704
5000.000000	7.663
5080.000000	7.615
5150.000000	7.573
5220.000000	7.543
5300.000000	7.497
5380.000000	7.464
5450.000000	7.444
5520.000000	7.431
5600.000000	7.407
5700.000000	7.380
5800.000000	7.354
5900.000000	7.335
6000.000000	7.308
6080.000000	7.289
6150.000000	7.273
6220.000000	7.253
6300.000000	7.239
6400.000000	7.216
6500.000000	7.196
6600.000000	7.149
6700.000000	7.087
6800.000000	7.028
6900.000000	6.959
7000.000000	6.902
7100.000000	6.843
7200.000000	6.777
7300.000000	6.723
7400.000000	6.657
7500.000000	6.603
7620.000000	6.567
7750.000000	6.542
7880.000000	6.517
8000.000000	6.501
8120.000000	6.345
8250.000000	5.955
8380.000000	5.579
8500.000000	5.235
8620.000000	4.869
8750.000000	3.829
8850.000000	2.800
9000.000000	1.286
9120.000000	0.085
9250.000000	-1.173
9380.000000	-1.800
9500.000000	-2.139
9620.000000	-2.480
9750.000000	-2.854
9880.000000	-3.213
10000.000000	-3.457
10150.000000	-3.616
10300.000000	-3.763
10440.000000	-3.899
10600.000000	-4.042
10750.000000	-4.175
10900.000000	-4.290
11060.000000	-4.422
11200.000000	-4.527
11380.000000	-4.668
11500.000000	-4.722
11720.000000	-4.750
11800.000000	-4.761
12060.000000	-4.794
12200.000000	-4.810
12410.000000	-4.845
12500.000000	-4.860
12650.000000	-4.896
12800.000000	-4.931
13150.000000	-5.329
13200.000000	-5.892
13400.000000	-9.499
13600.000000	-13.186
13800.000000	-16.804
14000.000000	-20.414
14300.000000	-23.202
14500.000000	-24.077
14750.000000	-25.176
15000.000000	-26.279
15250.000000	-26.842
15500.000000	-26.877
15750.000000	-26.926
16000.000000	-26.974
16250.000000	-27.098
16500.000000	-27.590
16750.000000	-28.109
17000.000000	-28.622
17250.000000	-29.144
17500.000000	-29.210
17750.000000	-28.723
18000.000000	-28.246
18250.000000	-27.764
18500.000000	-27.283
18750.000000	-27.017
19000.000000	-27.008
19250.000000	-27.010
19500.000000	-27.010
19750.000000	-27.010
